=== Pose Debug Log ===

==== Sample 0 ====
GT_R:
[[ 0.997325   -0.0727042   0.00750636]
 [ 0.0217844   0.3937134   0.9189749 ]
 [-0.06976839 -0.9163537   0.39424464]]
GT_t:[0.1487539  0.04170663 0.76866895]
Pred_R:
tensor([[ 0.9573,  0.2109, -0.1976],
        [ 0.0945,  0.4176,  0.9037],
        [ 0.2731, -0.8838,  0.3798]], device='cuda:1')
Pred_t:tensor([[0.2728, 0.1441, 0.8583]], device='cuda:1')

==== Sample 0 ====
GT_R:
[[-0.7869002   0.61654097 -0.02578906]
 [ 0.3175808   0.36879373 -0.87357545]
 [-0.529083   -0.6956067  -0.4860061 ]]
GT_t:[-0.12617737  0.0550797   0.75101924]
Pred_R:
tensor([[-0.8505,  0.5166, -0.0988],
        [ 0.3284,  0.3749, -0.8669],
        [-0.4108, -0.7698, -0.4885]], device='cuda:0')
Pred_t:tensor([[-0.2974,  0.0652,  0.7778]], device='cuda:0')

==== Sample 1 ====
GT_R:
[[-0.88857675  0.44470844  0.11254063]
 [-0.09303626 -0.4149412   0.9050788 ]
 [ 0.4491934   0.7937619   0.41008133]]
GT_t:[-0.05080502  0.08060665  0.7544196 ]
Pred_R:
tensor([[-0.9088,  0.4146,  0.0463],
        [-0.1557, -0.4400,  0.8844],
        [ 0.3870,  0.7966,  0.4645]], device='cuda:1')
Pred_t:tensor([[4.8037e-02, 6.4376e-04, 7.2723e-01]], device='cuda:1')

==== Sample 1 ====
GT_R:
[[ 0.3307794   0.9430251   0.03590114]
 [ 0.3365823  -0.08234908 -0.9380468 ]
 [-0.88164526  0.32236964 -0.34464443]]
GT_t:[0.15069386 0.03275402 0.99021745]
Pred_R:
tensor([[ 0.8281, -0.5572,  0.0617],
        [-0.1862, -0.3772, -0.9072],
        [ 0.5288,  0.7398, -0.4161]], device='cuda:0')
Pred_t:tensor([[0.1528, 0.0425, 1.0274]], device='cuda:0')

==== Sample 2 ====
GT_R:
[[-0.05204786  0.3149267   0.94768816]
 [-0.8953619   0.40557203 -0.18394966]
 [-0.44228578 -0.8580982   0.26086423]]
GT_t:[-0.08151766  0.00684773  0.74591607]
Pred_R:
tensor([[ 0.8265, -0.5624,  0.0226],
        [ 0.4962,  0.7091, -0.5010],
        [ 0.2657,  0.4253,  0.8651]], device='cuda:0')
Pred_t:tensor([[-0.1555, -0.6704,  0.3294]], device='cuda:0')

==== Sample 2 ====
GT_R:
[[ 0.01466568  0.5092649   0.860485  ]
 [-0.86253643  0.44175482 -0.24674489]
 [-0.5057825  -0.7385811   0.44573778]]
GT_t:[-0.08960808  0.10874604  1.0680429 ]
Pred_R:
tensor([[ 0.0555,  0.2256,  0.9726],
        [-0.8311,  0.5504, -0.0802],
        [-0.5534, -0.8039,  0.2180]], device='cuda:1')
Pred_t:tensor([[0.2756, 0.0108, 0.7395]], device='cuda:1')
