=== Pose Debug Log ===

==== Sample 0 ====
GT_R:
[[-0.7869002   0.61654097 -0.02578906]
 [ 0.3175808   0.36879373 -0.87357545]
 [-0.529083   -0.6956067  -0.4860061 ]]
GT_t:[-0.12617737  0.0550797   0.75101924]
Pred_R:
tensor([[-0.8924,  0.4488, -0.0457],
        [ 0.2420,  0.3907, -0.8881],
        [-0.3808, -0.8037, -0.4573]], device='cuda:1')
Pred_t:tensor([[ 1.3237, -0.0379,  0.3857]], device='cuda:1')

==== Sample 1 ====
GT_R:
[[ 0.997325   -0.0727042   0.00750636]
 [ 0.0217844   0.3937134   0.9189749 ]
 [-0.06976839 -0.9163537   0.39424464]]
GT_t:[0.1487539  0.04170663 0.76866895]
Pred_R:
tensor([[ 0.9289,  0.3099, -0.2029],
        [ 0.0144,  0.5170,  0.8559],
        [ 0.3701, -0.7979,  0.4758]], device='cuda:1')
Pred_t:tensor([[-0.4519,  0.1367, -0.6109]], device='cuda:1')

==== Sample 2 ====
GT_R:
[[ 0.3307794   0.9430251   0.03590114]
 [ 0.3365823  -0.08234908 -0.9380468 ]
 [-0.88164526  0.32236964 -0.34464443]]
GT_t:[0.15069386 0.03275402 0.99021745]
Pred_R:
tensor([[ 0.8045, -0.5929, -0.0363],
        [-0.2360, -0.2630, -0.9355],
        [ 0.5451,  0.7611, -0.3515]], device='cuda:1')
Pred_t:tensor([[ 0.1798, -0.5587,  0.6171]], device='cuda:1')
